50,   -1.1230555570770453
100,   -1.2421338176894738
150,   -1.5737401740248795
200,   -1.5905066182440417
250,   -1.7368403010627376
300,   -1.6237825120788063
350,   -1.7624631452656803
400,   -1.822739335131219
450,   -1.7296053912839358
500,   -1.8208853056004592
550,   -1.717342043939126
600,   -1.7337644081444323
650,   -1.836777893042266
700,   -1.768261105566888
750,   -1.7988329065747777
800,   -1.8734594925042718
850,   -1.8870638259848516
900,   -1.828136174638314
950,   -1.8758644508020925
1000,   -1.858221550368047
1050,   -1.7974403199713667
1100,   -1.8127411969435498
1150,   -1.8896350755168556
1200,   -1.8771473179456464
1250,   -1.899330844232749
1300,   -1.922430876326962
1350,   -1.8765547243406864
1400,   -1.9044326601278372
1450,   -1.8702949229964936
1500,   -1.934488835393272
1550,   -1.9235704565650305
1600,   -1.9053974176635744
1650,   -1.8710156439204844
1700,   -1.9521905961716783
1750,   -1.905566025625281
1800,   -1.9213969419552754
1850,   -1.9062460713255927
1900,   -1.9082287563221836
1950,   -1.9148005323332644
2000,   -1.9587714459296575
