50,   -1.7672830434228373
100,   -1.7713888206977895
150,   -2.015462746673887
200,   -1.9419633087136337
250,   -2.0053662944832102
300,   -1.9438608269180482
350,   -2.099591589728864
400,   -2.0696978737117195
450,   -2.049072483084461
500,   -1.9939634138877114
550,   -2.084042429466874
600,   -2.001428181871168
650,   -2.0182713414932105
700,   -2.012555122033798
750,   -2.008876685195645
800,   -2.026889459692646
850,   -2.115180071891935
900,   -2.0207510622807603
950,   -2.004069062833822
1000,   -2.055578598759368
1050,   -2.014854837547404
1100,   -2.0353234062664036
1150,   -2.0733229189645273
1200,   -2.0028617319195186
1250,   -2.018060885714456
1300,   -2.1197445633402743
1350,   -2.0588915657380307
1400,   -2.0527885205164234
1450,   -2.075458110595039
1500,   -2.0584233227650013
1550,   -2.0330538794692323
1600,   -1.9932617753188406
1650,   -2.0062903991637904
1700,   -1.9755151516779403
1750,   -2.059462184501142
1800,   -2.0562436725469824
1850,   -2.0282112545600954
1900,   -2.048467739023433
1950,   -1.9710280507474494
2000,   -2.0014635717693556
